38
70
14
39
11
24
7
6
55
20
61
35
64
76
62
11
29
74
24
47
10
55
67
23
64
75
21
38
4
22
33
32
15
46
48
58
14
42
66
65
58
31
22
46
58
56
56
73
8
44
11
11
34
59
40
72
18
72
69
60
80
14
9
37
37
44
31
50
4
50
42
58
69
33
56
16
65
46
25
38
37
7
49
64
32
41
76
74
63
50
34
76
28
66
28
29
19
7
54
6
69
57
36
8
15
3
26
64
13
36
39
26
76
53
50
53
30
59
24
21
17
47
68
30
34
76
80
16
78
72
42
78
41
71
11
3
66
29
68
71
39
35
74
78
21
44
5
66
19
71
3
34
15
23
34
59
9
50
77
38
79
23
70
34
56
68
5
36
5
23
80
28
53
67
76
9
56
21
50
47
22
39
22
8
17
4
52
26
8
45
28
8
46
28
64
75
58
56
10
18
32
56
4
71
80
75
50
52
13
71
50
21
1
33
56
48
15
61
35
35
73
21
52
61
67
31
48
48
8
42
68
5
43
26
8
48
48
37
23
21
29
60
29
27
59
62
2
49
49
57
7
79
19
66
46
13
7
39
31
9
40
36
8
53
62
51
53
64
14
39
32
22
46
58
27
74
28
37
43
67
47
33
71
20
78
76
2
49
48
62
69
47
68
44
16
11
49
76
34
30
48
74
8
47
25
59
66
57
60
80
76
14
2
77
60
45
34
10
39
80
39
74
41
41
34
27
52
78
29
45
72
34
80
22
37
38
23
21
77
32
67
5
61
43
80
69
45
31
55
70
70
34
5
4
36
15
60
24
44
54
56
61
47
37
5
67
79
21
15
80
50
39
73
29
53
1
50
64
19
20
69
22
22
80
17
20
45
42
40
13
15
28
27
38
30
62
54
8
79
4
56
70
10
71
22
16
61
25
65
55
5
67
68
19
64
1
2
17
45
33
64
16
69
23
63
30
30
21
77
30
13
25
76
62
28
39
67
70
76
9
3
51
29
36
13
36
75
61
18
68
11
60
59
10
7
16
10
14
54
34
49
45
64
14
18
31
48
16
22
22
27
27
1
42
64
80
6
19
80
29
72
70
32
36
65
67
61
13
54
14
31
14
10
45
17
74
49
18
32
8
40
26
33
38
52
36
8
30
72
54
55
56
76
61
52
15
42
19
62
8
25
6
17
64
48
54
23
6
19
63
33
73
2
56
39
19
3
27
77
70
60
38
23
54
69
1
14
24
46
66
19
24
29
13
3
1
59
48
27
41
47
14
78
43
42
73
5
57
21
53
54
33
24
75
41
47
29
60
54
20
37
39
67
70
73
45
29
24
3
34
37
27
13
70
29
20
58
53
2
16
36
60
44
54
6
61
20
12
27
20
54
29
55
11
71
73
53
76
24
77
48
5
44
68
5
16
54
14
72
19
71
65
39
22
71
61
45
35
1
4
72
19
52
42
76
70
70
25
8
35
44
40
10
17
24
29
63
68
50
1
78
29
59
3
54
27
45
79
36
55
55
80
10
47
72
67
60
64
25
47
12
73
48
18
57
14
50
29
36
58
73
67
51
73
23
30
25
53
9
67
21
47
15
39
42
17
11
49
79
1
8
1
56
56
77
18
69
51
34
61
42
26
34
14
15
32
2
58
56
59
1
49
7
36
16
49
80
80
20
75
62
48
74
74
4
54
42
65
39
74
47
67
58
28
70
25
74
26
21
80
75
68
62
50
2
46
19
54
52
6
76
26
15
23
56
15
72
60
80
5
37
9
18
57
28
39
28
45
60
15
55
7
74
73
39
44
14
21
48
31
31
9
75
52
44
44
25
42
29
50
71
56
41
9
18
39
25
68
45
33
13
70
65
8
29
50
21
26
51
32
14
19
55
50
72
19
75
24
22
66
9
32
38
2
25
18
24
36
39
11
17
61
37
25
59
58
76
7
31
49
9
56
38
58
6
41
44
14
38
34
6
79
5
46
69
57
47
44
44
24
80
68
47
73
44
30
76
69
16
15
46
27
40
5
47
13
50
38
14
62
51
52
18
74
42
51
62
39
18
30
5
59
43
23
79
46
42
46
77
65
15
51
73
63
8
47
2
3
21
48
23
10
76
52
17
42
78
9
54
67
25
17
60
37
79
27
74
19
7
16
53
55
19
60
42
53
2
14
6
4
70
33
46
58
40
59
28
23
42
6
24
38
14
14
24
47
6
58
8
17
43
46
45
46
18
16
38
38
28
41
52
25
29
79
44
7
63
17
59
10